Problem 8 NumMthds Sp2012
By: Chris Martin

Number 1
Here are the initial Eigenvalues.
27.991344386716317
13.867515649655632
10.976722081173333
8.7119426746503628
5.9888506552613388
4.4636245525430249
Here are the initial Eigenvectors. Each vector is a seperate column.
0.31206945804061964, -0.12126055907980922, -0.53143440118171337, 0.7247208741584561, -0.15373679134781448, 0.23797197514749824, 
0.29379443477442069, 0.30005053927446529, 0.30890414031557134, 0.43675732477441581, 0.38583079397966552, -0.62338621555621154, 
0.45210716701485137, 0.59008554893077081, -0.49867177684920561, -0.44161757668581936, 0.055374347795122833, -0.02514380677904168, 
0.42662360906678864, 0.28706717890392663, 0.60538064436761474, 0.078451610480194556, -0.20816673291148247, 0.56534145658181134, 
0.58255186280356674, -0.65224014936437591, 0.032833738733827285, -0.26399203428664414, 0.4033817168905835, 0.041586736029594319, 
0.30086910163481628, -0.19809042881750599, 0.076931068732976282, -0.11467414888852046, -0.78637337238536298, -0.48247936239379396, 
Here are the refined Eigenvalues.
27.99134438671631
13.867515649655505
10.976722081173351
8.7119426746503379
5.9888506552615723
4.4636245525429485
Here are the refined Eigenvectors. Each vector is a seperate column.
-0.31206945804061953, 0.12126055907980891, 0.53143440118171315, -0.72472087415845565, 0.15373679134781509, 0.23797197514749949, 
-0.29379443477442063, -0.30005053927446473, -0.30890414031557201, -0.43675732477441603, -0.38583079397966463, -0.62338621555621254, 
-0.45210716701485137, -0.5900855489307707, 0.49867177684920649, 0.44161757668581952, -0.055374347795122562, -0.02514380677904168, 
-0.42662360906678826, -0.28706717890392575, -0.60538064436761363, -0.078451610480194639, 0.20816673291148194, 0.56534145658181223, 
-0.58255186280356597, 0.65224014936437635, -0.032833738733827743, 0.26399203428664414, -0.40338171689058355, 0.04158673602959314, 
-0.30086910163481606, 0.19809042881750613, -0.076931068732976532, 0.11467414888852047, 0.78637337238536353, -0.4824793623937913, 

Number 2
Here is the B^-1 * A matrix.
-6.5808383233532952, 1.3772455089820368, 3.2335329341317371, -2.227544910179641, 
-2.2095808383233533, 1.3113772455089823, 0.38323353293413187, -0.88622754491017974, 
2.9401197604790426, -1.0538922155688621, -0.60479041916167697, 0.46107784431137744, 
0.6586826347305389, -0.40718562874251502, -0.34730538922155685, 0.92814371257485018, 
Here are the initial Eigenvalues.
1.3171206412651391
0.92887446334311163
0.10397836540281047
-7.2960812544421927
Here are the refined Eigenvalues.
1.3171206412651502
0.92887446334311152
0.10397836540281047
-7.296081254442262
Here are the refined Eigenvectors. Each vector is a seperate column.
0.066523924688103253, -0.42200593947691212, 0.32873622630690708, -0.90129973446119105, 
0.82256316039509869, -0.44310166313558691, 0.63336899891279674, -0.23934404119920902, 
-0.43554467276202186, -0.28241205434702726, 0.62620498531599633, 0.3531442444518596, 
-0.35953477249571031, 0.73879316099445391, 0.31407566141789522, 0.075248662533915323, 

Number 3
See eigen_sym_Commented.h for the commented version.
